1 -1 0 -2 1 -2 -1 0 2 -1 0 0 -2 2 1 -1 -2 -1 0 -1 -1 
1 0 2 0 -2 0 1 0 -2 2 0 0 1 2 0 1 -1 -1 0 2 1 
-1 2 2 0 1 2 -2 -2 1 -1 -1 -2 -1 1 0 -2 -1 -1 -2 -2 2 
0 -1 -2 -1 2 1 0 2 -2 0 -2 2 0 2 2 1 -2 0 1 -1 1 
1 2 1 -1 2 2 0 -2 -1 1 2 0 -1 -1 2 2 -2 -2 2 1 0 

-1 0 0 0 0 0 -1 -1 -2 -1 -1 -2 2 2 2 -2 2 -1 0 0 -1 
-1 -2 2 0 0 -1 0 1 -1 -2 -1 1 2 2 1 -1 0 2 1 2 -2 
1 1 -2 -2 2 -1 1 1 -2 -1 -1 -1 -2 2 1 2 1 -1 -2 1 -2 
2 2 2 2 0 -1 1 -1 0 -2 2 -1 0 -1 0 1 -2 0 2 -1 1 
-2 2 0 -2 1 1 1 1 -1 1 2 -1 2 1 1 1 1 -1 -2 2 1 

419 31426 62852 93859 94278 

11136 54841 33024 89662 38328 
163604 153300 117926 95568 34221 
172866 61315 39199 143669 99792 
97669 12735 6998 137757 99255 
167083 185080 50599 162989 138814 

188137
